tensor([[-1.0542e-03, -2.1413e-03, -3.0562e-03,  ..., -2.7431e-03,
          7.9003e-03, -7.0255e-03],
        [ 3.7770e-04,  1.6199e-02,  1.4344e-03,  ...,  6.0275e-03,
          9.3272e-05,  1.4925e-02],
        [-1.7084e-04,  5.4532e-03, -1.4826e-02,  ..., -4.0941e-03,
         -1.4366e-03, -6.5402e-03],
        ...,
        [-2.4986e-02, -7.7123e-03,  3.7972e-02,  ..., -5.0703e-03,
         -2.3189e-02,  6.1940e-03],
        [-1.9290e-02, -4.4524e-04,  6.4369e-03,  ...,  1.6002e-02,
         -1.2323e-02,  1.2382e-02],
        [ 5.2720e-03,  1.0872e-03, -9.2055e-03,  ...,  3.8901e-03,
          9.2980e-03, -1.0337e-02]], requires_grad=True)
tensor([ 0.1557, -0.1543, -0.0942,  0.0716, -0.6282,  1.4043,  0.3196, -0.1061,
        -0.3294, -0.6392], requires_grad=True)